DEBUG: limit=100 angleLeft=0.850000 angleRight=-0.350000 stepLeft=5.000000 stepRight=30.000000i thicknessInner=16 thicknessOuter=20
1 0 
1 2 0 
1 2 4 8 16 5 10 3 0 
1 2 4 0 
1 2 4 8 16 5 0 
1 2 4 8 16 5 10 3 6 0 
1 2 4 8 16 5 10 20 40 13 26 52 17 34 11 22 7 0 
1 2 4 8 0 
1 2 4 8 16 5 10 20 40 13 26 52 17 34 11 22 7 14 28 9 0 
1 2 4 8 16 5 10 0 
1 2 4 8 16 5 10 20 40 13 26 52 17 34 11 0 
1 2 4 8 16 5 10 3 6 12 0 
1 2 4 8 16 5 10 20 40 13 0 
1 2 4 8 16 5 10 20 40 13 26 52 17 34 11 22 7 14 0 
1 2 4 8 16 0 
1 2 4 8 16 5 10 20 40 13 26 52 17 0 
1 2 4 8 16 5 10 20 40 13 26 52 17 34 11 22 7 14 28 9 18 0 
1 2 4 8 16 5 10 20 40 13 26 52 17 34 11 22 44 88 29 58 19 0 
1 2 4 8 16 5 10 20 0 
1 2 4 8 16 32 64 21 0 
1 2 4 8 16 5 10 20 40 13 26 52 17 34 11 22 0 
1 2 4 8 16 5 10 3 6 12 24 0 
1 2 4 8 16 5 10 20 40 13 26 52 17 34 11 22 44 88 29 58 19 38 76 25 0 
1 2 4 8 16 5 10 20 40 13 26 0 
1 2 4 8 16 5 10 20 40 13 26 52 17 34 11 22 7 14 28 0 
1 2 4 8 16 5 10 20 40 13 26 52 17 34 11 22 44 88 29 0 
1 2 4 8 16 32 0 
1 2 4 8 16 5 10 20 40 13 26 52 17 34 11 22 44 88 29 58 19 38 76 25 50 100 33 0 
1 2 4 8 16 5 10 20 40 13 26 52 17 34 0 
1 2 4 8 16 5 10 20 40 13 26 52 17 34 11 22 7 14 28 9 18 36 0 
1 2 4 8 16 5 10 20 40 13 26 52 17 34 11 22 44 88 29 58 19 38 0 
1 2 4 8 16 5 10 20 40 0 
1 2 4 8 16 32 64 21 42 0 
1 2 4 8 16 5 10 20 40 13 26 52 17 34 11 22 44 0 
1 2 4 8 16 5 10 3 6 12 24 48 0 
1 2 4 8 16 5 10 20 40 13 26 52 17 34 11 22 44 88 29 58 19 38 76 25 50 0 
1 2 4 8 16 5 10 20 40 13 26 52 0 
1 2 4 8 16 5 10 20 40 13 26 52 17 34 11 22 7 14 28 56 0 
1 2 4 8 16 5 10 20 40 13 26 52 17 34 11 22 44 88 29 58 0 
1 2 4 8 16 32 64 0 
1 2 4 8 16 5 10 20 40 13 26 52 17 34 11 22 44 88 29 58 19 38 76 25 50 100 33 66 0 
1 2 4 8 16 5 10 20 40 13 26 52 17 34 68 0 
1 2 4 8 16 5 10 20 40 13 26 52 17 34 11 22 7 14 28 9 18 36 72 0 
1 2 4 8 16 5 10 20 40 13 26 52 17 34 11 22 44 88 29 58 19 38 76 0 
1 2 4 8 16 5 10 20 40 80 0 
1 2 4 8 16 32 64 21 42 84 0 
1 2 4 8 16 5 10 20 40 13 26 52 17 34 11 22 44 88 0 
1 2 4 8 16 5 10 3 6 12 24 48 96 0 
1 2 4 8 16 5 10 20 40 13 26 52 17 34 11 22 44 88 29 58 19 38 76 25 50 100 0 
